100
5 3 3
3 3 6
5 2 7
1 15 7
4 4 7
3 5 4
16 1 16
3 5 14
2 4 3
3 4 4
8 2 9
1 9 6
4 4 9
4 4 16
1 15 1
1 16 8
6 2 6
1 16 7
15 1 6
3 5 10
7 2 13
15 1 1
1 14 12
3 5 6
3 5 3
15 1 15
16 1 9
16 1 1
5 2 6
2 2 1
5 3 11
5 3 9
5 3 2
3 1 3
5 2 3
16 1 0
1 15 6
1 1 1
2 8 10
5 3 8
1 15 0
2 2 2
15 1 0
1 16 12
7 2 11
4 4 11
5 3 14
2 5 6
4 2 2
16 1 7
3 4 12
4 4 8
1 1 0
5 3 6
5 3 4
2 5 10
1 15 8
3 5 12
15 1 8
5 3 13
5 2 10
3 5 2
4 4 14
15 1 7
3 5 15
1 4 4
5 3 1
1 16 9
4 3 12
4 4 0
2 8 11
4 4 1
3 5 0
3 5 11
5 3 5
5 3 0
2 3 6
1 16 1
3 5 7
1 15 15
5 3 12
2 6 1
3 5 9
9 1 6
3 2 2
5 3 10
5 3 15
4 2 3
1 16 16
3 5 1
3 5 13
3 5 8
2 5 9
16 1 8
1 16 0
3 3 7
5 3 7
4 2 7
3 5 5
1 2 2
