100
1
19
23
999989
901
111
1110
998999
900
12
1001
900001
1101
11101
101001
10100
11110
2201
1000000
10011
12001
9999
899999
1000
31
1099
101
22
990000
321098
990001
21
128
1998
110
999999
999998
2000
2002
10010
10
999900
102
11111
999
2001
1999
10000
11100
91
99000
100
123456
11
199
77777
2100
999901
999899
131072
100000
654321
10001
20
99001
11000
201
4096
100001
11011
19
999000
12000
10999
10111
2101
989999
1111
999991
90
99
200
1100
101000
999990
32
30
262144
456789
29
789012
10101
11010
9
11001
999001
2048
2200
900000
10110
