190 61
373 521
373 515
373 515
-179 -762
373 512
373 513
373 514
373 -324
373 516
373 -323
-185 508
373 -761
373 520
373 507
373 515
373 507
373 518
373 508
373 -761
373 -762
373 -619
373 519
-184 509
373 515
373 508
373 -761
373 -761
373 520
373 519
373 509
373 513
-183 511
373 512
373 519
373 -762
373 516
373 520
373 -323
373 517
373 -761
373 508
373 516
373 507
373 -324
373 509
373 520
373 516
373 520
-179 520
373 517
373 514
373 513
373 520
373 519
-185 518
373 521
-179 -323
373 519
373 517
-186 513
373 521
373 512
-887 517
373 509
373 512
-179 -323
-183 -762
373 521
373 518
-186 521
373 516
373 -619
373 517
373 513
373 514
373 518
373 510
-184 -761
373 520
-186 509
373 507
-179 512
373 519
373 517
373 512
373 521
373 520
373 510
373 517
373 -761
-184 -761
-186 520
373 520
-185 -761
-179 -761
373 517
373 519
373 -762
-183 -324
373 507
373 507
373 -323
373 512
373 508
373 518
373 520
-185 516
373 510
-186 521
-185 507
373 -761
373 -324
373 509
373 520
373 -762
-184 521
373 517
373 521
373 509
373 518
373 517
373 509
373 521
373 518
-184 -324
373 513
-186 511
-186 -761
-184 515
373 -761
373 -762
373 509
373 514
-185 507
373 516
373 519
-183 520
373 508
-183 518
373 -762
373 514
-183 -762
373 510
373 -761
373 -761
373 513
373 515
-184 -761
373 514
-179 509
-887 -762
-179 509
373 521
373 506
373 -762
-179 507
-183 -761
373 506
373 508
373 517
373 -761
373 515
373 -761
373 512
-185 510
-183 520
373 514
373 518
373 517
-179 511
373 518
373 506
-186 510
373 520
373 -761
373 -761
373 -762
373 510
-184 -761
-183 515
373 512
-185 520
373 515
373 516
373 508
-186 510
373 506
-183 -761
373 521
373 512
